20
1286.8541250609055 7291.031049178965
1053.7075670571905 2651.5850330609815
7097.941845333855 8560.201114123458
2060.0662948726144 9605.276614889011
5103.492754583687 5063.4309528796675
3218.451991750796 7219.212682733345
8648.059452353702 448.42377446596583
7171.469938473646 5345.852478661922
8322.479604769127 1681.683193089749
9861.353978624338 5391.832064654509
8219.786353069392 4739.558157579351
5684.201357037309 1961.2627140590744
9532.025356724776 6963.5811371770005
1581.1742130487382 2087.038356576292
4780.816280937653 4132.66116026011
7865.88778358133 4912.903251718222
4627.258713073072 7805.878891469474
7211.807430416507 9558.05164745057
9631.683063614988 6870.47200756575
6039.528691797797 9897.356930368915
