120
8635.337821660036 7960.160094166351
1167.272970218428 2951.4875675326025
4951.723308662328 5568.4272276174315
581.267669157064 5306.347788958874
8167.725323923894 2387.3582223244903
1638.7101682324824 3793.0655253387013
2275.4031736471093 7552.688307960041
513.503885507367 7099.840712544715
6055.459801849939 4271.399233571371
8313.935859204486 1797.1509172862754
682.2784120007386 9590.636510793698
4334.545471447019 1972.1650392965007
6078.661611585177 3295.5657148208375
3526.6310409950042 7681.299332872891
2249.1721430176412 6618.70860407996
4729.523095609758 631.3235805943052
4527.377927196241 7152.834950739242
1796.7509350755151 5104.65406442036
6066.765711497723 2408.3040554735157
5847.363242567023 1254.617068069298
2686.9712554644398 9556.842164201467
59.03344368947572 1904.288839981797
1344.9146617336949 9600.372058721921
2287.2577027718244 2724.963201836954
8316.438975440795 585.9318951099967
8964.664269314437 7582.303646380455
6957.927338260555 2998.707403213291
6493.541726445196 5760.765690445113
760.9052901945024 8759.75570650389
6514.072458958662 409.2704694015581
5977.584394555401 440.7512852613549
7372.94945079376 1288.5782693502701
7599.275662319624 2224.7420224210623
5487.8775626460865 3105.4265134343304
7295.786086895199 1753.9504878943412
6871.582919354081 3634.687318994103
2630.096796363327 1520.7002021795101
631.366455864334 8167.65936622642
4800.805458663894 8041.867060543209
1409.1156935862248 5017.1257184096885
3052.896168484841 2773.6676583283624
9068.653863223248 3049.621505971697
2834.8050777685307 3611.1270124810635
9033.139698471852 5229.751216642694
8980.49301710471 754.660963129884
5156.930932813839 5385.536866677432
1879.5643543855733 3255.7347311481976
7632.460774957452 6275.00122252287
9869.289615809854 8522.545664501968
9095.53779203207 4871.866226450804
3525.6189858838493 3311.673234233943
2485.2169155007255 3695.8410413923957
1427.390403884914 1630.5523511081099
2008.2595072083386 5415.35211971261
7499.968357915625 8551.698336921427
7230.02764832341 5964.43160687628
5006.423213342812 265.193290158362
9700.311786207732 914.9909066107531
7331.256628071799 9187.830588753479
1024.2754911604734 1901.4991722069885
4356.996525077116 6773.400018746458
6843.918406899246 7815.725453194395
3907.9904008869735 3500.323439242199
8424.989585694444 2412.8390666688583
3838.6276775756232 8098.219640513924
7465.712210647934 6824.071171108521
476.9552505478514 2292.9641826418747
7667.783596642048 4968.390718596516
6235.575257724448 6707.832521349354
6560.797960732493 3143.8678183384272
8067.247523075217 3263.685525634656
9636.382280580252 2882.0331019140554
1197.8475574890524 2398.306427776354
9935.343080615456 7488.1987275977
1934.4768469095131 3175.162736190724
5264.557737852815 5438.8848277975385
1251.069956804739 1905.3895522735852
1979.8445154016808 8927.236830545833
2385.8874439833435 9211.649427337936
6305.393214785066 1921.2782303962083
3050.6986553929373 374.9689799875
2785.096550741689 9805.542743277721
151.8516226025457 2451.244280821864
1488.306511752565 1242.3531645994879
4391.466265718715 4337.524931157471
1959.2851450170645 6038.071819647307
5349.595893128783 987.2643945601212
7470.164592016668 6509.279120725213
4729.634396523442 8897.298984995918
1053.306393704333 3128.75940971018
4529.2011419925275 9281.918150271724
5715.103397362047 7702.553054544514
5277.888089349194 9264.436267657644
2300.795174235857 1311.7257198313591
1211.1463756683027 2442.5404322437803
6628.065328137922 8042.7716887113265
5681.858488330285 9409.045541005044
2317.062356735672 863.2098515830655
3535.949701629244 5244.689354364793
7765.318926383824 6947.124288464245
7576.539315378516 465.8251143344738
8477.94529986757 7643.729338315045
4503.037893896693 5972.884039948053
5211.793480998329 2770.645506946824
30.19544001287788 7494.019755772842
5535.925532187091 367.07531565732364
5513.471231743171 5077.622303060535
6459.349642030172 2916.424924885559
6794.879881423647 9512.652279100852
6381.941610083366 6650.924492717043
4541.926626058461 4539.9371605532115
6060.470634333631 2932.047451464551
7122.8357797144745 2748.7728555176905
8579.638539027017 2090.230040145875
8861.288047962811 8107.987158595731
5765.225302084141 4986.310819636626
7611.023941265738 3688.6237515361
850.4288907956181 4726.472890831028
9152.998199275491 7272.650069297601
4554.257827018326 5216.887470713688
