2300
4455.318565389167 8658.870944433775
8565.255438533006 1951.3688625760428
8119.904364978751 8628.318931908054
6868.737190755481 7451.656333755145
2734.086083971078 1398.960808338715
5636.475031311103 1699.3300290764835
5482.865554455305 2486.2099920109636
7194.182988912653 5061.0801118389245
4854.062809121782 6542.3517225514815
6984.199793984271 6129.360313521112
571.1209205515522 1560.5404505194454
8820.0794464674 2025.7884442463292
503.1591708779759 6004.749669217526
8703.124869759773 7240.138071784089
4299.0557227640065 7136.835813118517
9375.977026706376 2398.713249165152
2809.674160274801 1483.0577937691337
8866.330138353378 872.7491233157425
5463.33385826484 1479.5048276341815
5626.609957972437 134.27934324362957
5187.977793079187 6013.610906440959
7204.338787437482 3237.979191362778
5280.903059739749 4005.3422563481977
7323.065658949521 4718.502554624893
7267.886015358076 844.9409163655653
5169.285962404268 3636.823588239906
3542.3326209757756 124.55967934198564
8769.000240290989 4670.69526158683
7106.309243916979 8639.904550861935
2821.8531349347963 5102.254500562029
1158.7381527212171 3335.3107084791977
4258.029606950488 57.951471925415944
6733.826082027362 1429.0446015891944
6132.2137261187645 8765.399858756866
6406.910054827302 9860.537876125847
6748.969585850115 4991.6840767001595
3767.823535315045 4376.855975900262
5696.276971187283 4375.870498753259
9851.805708300475 9921.0231100318
5539.865157264036 6983.625110193859
3006.6515571854434 6926.357301178924
7235.950588131455 3635.4649036996066
2247.375835174612 5428.636122333958
135.09842929921746 5789.857528233344
2330.1871765452797 6987.068239803981
7800.867099930067 9642.08885790595
9128.94584358284 8972.430782892836
1987.4779303781843 3016.2425707943994
4442.854522241686 7927.417118932553
5859.302749068551 6523.745643864374
822.1788464137913 6365.637022342282
1772.9824982582488 94.39286539167813
1274.4562098751232 1391.3948364972994
5611.1077707405 4913.88040141867
7785.1584195766445 8916.0174027339
6433.643997122389 1339.3494317488153
6331.224455740534 804.5552360584785
4249.722569510458 1763.9970215642454
7094.231103581221 6739.961141498578
7879.421420340498 7022.260358298344
5397.157551076908 2746.5871563970345
8143.391671256573 5459.437507258337
9125.478608812215 5159.905607278343
9139.965233716925 5271.49929238231
5493.217386157347 4143.017402567002
794.1962913369694 4010.4005317448764
3831.349194867304 7127.248103335231
3787.1578891927925 8230.496553657269
3950.6243877289558 1542.846674900199
7629.5494305834745 9125.391487052273
4295.7317286866755 5954.467187378467
9051.0351616092 931.5414618767948
4024.4883857688274 7232.711082547087
7057.591184923778 3191.7338432235742
4271.991052221891 3681.8875792503313
9785.87861808026 8422.763205608098
6365.546909789261 7855.5723163504235
4793.376816181728 628.6758483794008
4426.104152252398 5188.80821301545
9955.496417944418 3550.089569606738
1027.249186023379 814.6501713982412
8026.837410380583 6922.914929033453
7254.493281120539 1411.541455744505
4399.353104044086 6778.693749779963
8374.766796200343 3317.1771933555906
7329.168669659149 8300.631184583353
8253.888856658754 725.1552138153771
4802.633281146166 722.7588749233049
5824.44694729598 1442.514703198412
9337.730769036812 9696.00504733579
9882.120173252371 2839.522361353528
4845.8758806708 4206.890494389277
6953.703139763498 2625.4509600472943
6409.798894319115 9794.03169201469
1310.5092581969823 6222.020036113902
1421.8938781543077 999.0889655260904
9125.559528650867 2167.789549129585
8735.55229842099 7690.573933245075
1285.3428197336702 5970.630890208778
3425.206226162242 3183.928742697667
4739.444390772901 7859.684670532031
7019.752551506844 4420.872625069474
4754.132477901616 4805.376924029008
2169.2497820021317 946.3634884078153
5791.267630818997 1906.5281633248887
6020.376766057603 6195.909764784801
7702.578810334173 612.4606613322825
6492.856596419953 7519.986484756181
1114.7500891515372 9869.817209574334
9681.931649369724 5199.551340480952
8580.962056377703 7578.303161555322
4765.301890236034 4784.14407593334
2562.917304748289 7231.009701735838
2467.0311843330674 7324.806709862582
1029.660877316695 9836.457539329867
6922.022688055405 1574.1076316137282
1138.4256435778516 448.0685259764583
601.3685240712907 9281.048663913363
1603.7729210244045 1379.0313428680001
1441.2787432542884 4122.331727063349
7360.996211815932 3533.3471889454395
9381.741748111086 2615.547133616057
8736.603491555934 5006.784079948501
7724.040733555549 7519.285204270783
4774.960549857347 904.3479015945488
8945.37272653998 6151.158876322516
8396.345660080937 5876.173013675736
1535.559423284102 9497.266076399379
341.7003882939673 9371.689643070653
7296.263076781286 8202.742721697072
1093.1646626426539 3391.345888447723
5111.883466262309 7637.622709280343
2808.485315999002 1485.0818930447606
4232.828990529865 1287.8038225175592
5205.949017425483 9008.956570752971
1563.7645152356727 2516.1231328537683
9923.281993892037 684.3865889036471
3069.1498896981393 1777.6779653812357
8943.76362922909 5032.152552180726
9887.551037864367 2551.3586253329836
8165.678969761682 9542.89702647779
3716.241959627661 3543.808207206295
4833.505127556471 1078.6649295366635
2121.945155278815 7571.4969023891645
9543.021337794513 4020.081077009039
6703.7995593412525 3529.7892087813775
6463.9805140876115 6090.238332169136
5425.005795638108 920.0766177810004
7166.186128242183 9564.704461283527
4216.2980539626205 6991.229708809352
6944.169919222054 4202.907720611751
4619.460895456138 1955.3533083771467
9593.505750325123 4922.570870346197
8990.427221618618 5635.5310411333
381.86045403082346 8709.67503505273
6170.0786291842405 3345.9184991242096
5852.641158278243 8186.7713302469665
269.7108756282218 8574.919669839906
8354.781438455317 5796.801876098619
6627.355226070671 20.232235691016733
4216.693402779678 8751.682287870144
1332.7569980662768 5008.206993200602
1532.6563242993286 3166.8269082891334
1869.3628568648135 3716.091508678149
2700.0310310672517 8604.152212070074
4808.632782471666 6608.1498490961
4530.69152415306 5316.581620413476
1102.0835498535052 8393.478548823494
182.13954037255786 8286.222219614325
9646.437787473249 4069.342093205772
3137.476354312373 6310.487562900181
343.51635357225183 3750.000874633136
846.6820472674618 4409.9822313757295
5147.074690918547 2483.2105952669926
1547.8155842499352 1599.129275047565
5181.337577753038 4551.482848169087
3222.4489952620747 3514.076281184346
3140.9260902232195 8410.702720269077
8822.04737500223 5946.236963974
6659.399183973384 7714.312394382001
7917.742204759006 3252.58051654035
986.5915835408833 3705.110448595015
4735.52555867943 5333.237915960195
4722.184703919543 5761.282129233036
5035.609373949233 6505.096352133933
1352.7836338876987 2523.282190448386
3499.6092850553705 1044.8706812644593
4797.554505892495 1410.17849805817
8707.238841348062 6765.1566946125895
9919.896703271283 6520.067540796316
5906.494778109846 1848.8223795416482
9275.276572081419 5924.135763337978
6306.529507787729 3317.042661955871
7527.284969383981 2309.4675457010794
9098.402887715783 1460.4726247764531
3891.3861020564013 8519.11227950431
5881.766665657263 636.2575737175524
3059.645951927815 1621.3059456740375
5826.960888558442 8818.16382747039
5207.020119853647 1406.5332078227243
7560.122247466294 8466.717532153276
5997.313634977105 3310.165383997895
944.3640792736207 3061.232018313571
8530.635588660125 2190.443084729288
3089.507919641721 3788.4045998577453
1547.8575198400113 7223.71493509854
7265.291815113667 2165.0643014401303
9143.244732711639 7697.956815592427
4993.085959975624 3993.4217403617035
6698.87494887049 6785.751396176174
7568.428630274032 6086.40121290084
5824.8486078877 3748.0198027685583
7393.083888016887 9304.95937146745
3038.6918288725283 9452.719616429587
4544.432976711612 885.4981131983097
632.086263082241 6047.501665123266
9718.907302713029 534.4506654082148
3342.0608943557804 1269.1184906964982
5448.413291250163 6345.239902651892
3597.265748061511 8665.833119971363
5422.48334270164 2712.3797572903895
8656.565393026083 6821.966190148923
343.8360569818677 3228.7909660985015
6265.558946793931 3323.0100451967182
9578.237178213625 2111.3400635198664
7313.899911144507 6731.7203612213
9036.234899327448 9316.159888062064
6563.763694034584 6106.642651955099
686.6842027073095 5454.196014405187
1555.6162324708466 5379.541114579533
502.5325722051421 9851.21703072549
3878.8810123462213 3979.411917910659
1457.0120780479613 6410.469697457554
727.3802764373727 5034.641977192864
3951.4703262229677 2296.174332526345
5920.590322040378 4340.051958204022
7559.412352929191 1845.739984653696
5697.105474138862 8478.720300574972
6819.750660073687 9193.07341536757
1196.5073619237576 7179.079964422309
1480.137384465523 7170.964628597184
2433.574221407714 419.4676085554849
2915.913076869332 6426.128982231778
8251.371585105295 6027.092963645665
7128.984800682599 9349.200696888569
540.9371695762954 9224.270836017295
8050.704879086463 2113.7960649258225
1568.158322241978 6445.953379457275
8756.547840740495 4775.349706759129
5409.0550286442385 636.4907642193074
4908.700105566909 5269.836041329039
7672.534897219716 7254.488788056569
4385.356561089579 8086.747936929744
6017.7526941915075 5008.218333632368
172.6687503764457 363.1664489811215
5862.541053209643 223.86679219332794
5015.069570765115 5449.0374932409595
117.90560203908673 5840.385646466316
1950.92369788176 2135.9360968244755
6922.196072498381 9967.81715958585
2826.472193337807 1843.9580377137177
1653.2881444785962 3435.642236475347
5456.516641106686 6305.79843479743
8609.820921087732 5492.263790939302
4102.868887212941 972.5298832546547
8285.764128647077 3947.3262401769903
3668.5526932395883 4231.972655582089
409.7694937799523 6944.410439583724
3978.6196448208498 6818.297204195743
7385.078853736952 7540.681319659707
4095.299723411744 5121.151284010362
8165.675021606244 4620.723020518745
3617.668912778761 6080.678271512071
5553.142244982982 9635.721957409285
2507.422273967299 6000.231888359684
7713.192497276491 7726.309185215731
6359.1755465886445 3727.916846304198
8716.688932861307 681.6382523344688
7456.801718291 8115.992684217461
5335.142691945284 7109.552953004047
539.0209939223922 8169.332621020951
3772.7891078205744 5715.740479411037
3318.269679462632 987.4298128904479
5615.60333824797 6552.069800260278
3894.4380470761585 5595.227510851813
3841.283061668567 4600.83975082347
4834.495779359745 7994.337576042898
88.56309355320113 9417.280038517201
6379.43101753891 1695.948623772885
9489.318430819962 7887.201436545661
5699.734078971781 3809.765217841755
6909.4248849764035 4756.227840650969
365.56515023844827 6.778915427813059
7266.271334589844 8062.586680462962
9164.784562852024 1307.1054177880792
6125.641259586301 869.9851694580074
3484.4194225915257 9977.324919071494
2133.5931832250744 8104.2242819699495
3674.8666507915104 6172.264873237784
9996.867222618723 7329.605220967001
7460.981545518316 9622.018590815995
1983.2504626846692 6838.569339704452
1473.3802742701052 254.4052546070552
8360.654590594893 8898.903080316551
3050.7556538187996 7307.330373761281
9603.670163656714 559.7032659599788
2986.204264573146 5224.591153891449
7591.240888762047 6933.245789471843
554.4646162041834 9878.30391473054
237.41335635832027 4764.839054298314
5902.927383103971 9220.913571148196
9806.71846005652 18.031152869544265
9317.675652500646 4665.238009730734
3328.0304111587798 5497.726027858076
2637.702651023369 517.4967665167518
4272.025342017598 8043.102846027667
8835.70071002553 5696.643610178865
4510.872601111891 2671.5480188621423
5491.709463320203 4016.18445290536
7295.621131792998 9194.930141749643
5697.547265282016 561.8145502605298
3354.215153258768 2535.755162846304
6796.137531522548 3412.8376755706568
7355.592259599375 565.0708860407472
4807.062778563433 5013.55445375795
2950.3135244152645 9648.979040546757
3939.087752689835 1460.4682698900274
3044.452788760107 4568.007102789825
3106.7494697149955 6355.139128109797
259.5385083110524 499.76365430111633
4765.59797248006 603.4745996333002
5352.930117363381 8393.7864628714
5981.684786581079 764.3554933928798
8955.41580423206 645.8853463402337
6317.976230420401 7532.291941465878
1801.7253510049181 9184.53329360453
1850.192230463279 9639.99458218417
3716.2727347398227 9855.95598221207
2419.842410230748 8393.17128056515
430.6420154343893 9832.90386656238
6614.818607575719 2680.5332238090864
454.0639781384104 2203.1618291824807
6943.326378319601 8423.202451582298
6781.0365799753945 2694.0548220195205
73.22270524788289 4930.634569420615
2981.1507994927265 4268.018018357612
369.84392986082804 5694.139436283214
6821.509009557668 7089.089728753573
7520.03378221684 2452.791213763288
5273.34551542104 3245.479791932957
5927.966589840898 382.0003058888244
7362.339594931739 4261.523893554801
9477.137920994439 3195.153188503521
8335.840682813096 1721.0325487099442
6002.070199309532 9801.564689288944
6620.482809434305 5864.641766428673
8178.155190712734 1579.5058014319807
5709.869162572274 7763.221347181325
6981.397639322038 4698.792164162215
9883.5570012187 154.85194765509803
3737.785793664357 1065.7413222403477
3996.6988754419617 3766.8638144737833
7353.542761547444 2004.83937263765
9252.332739971465 8253.138930081008
5672.612979824417 894.0475948726668
1831.5127292827692 8800.561198654294
8466.15897505666 7206.426449231703
8031.571717710349 2217.2585747679086
8477.339783551719 1251.021417444934
4080.4762913920267 4524.439492615303
6182.1106321534835 6901.053753136258
9194.798780890675 8402.414356140904
9714.735229090647 6221.456834526699
9002.022981524568 5992.4356029400715
2366.1236893171 4171.915163024424
3072.7402337566214 3444.500748728919
7513.631108790012 4116.481001631428
3153.538741411801 7947.913366856236
6000.822464659882 683.796614355966
3223.181429215666 7231.357370232618
2621.723684153582 8558.464675813988
5087.621712982614 3451.953641025862
2699.5858073874115 6678.4517038593785
2754.878066077485 9465.481360688278
7958.509983710948 3633.8488728080097
8464.583510545504 5858.091699963464
4269.648440024164 2531.219495742042
6663.153709187657 1523.8545462385455
7793.7471340139255 2120.9278203166405
705.0753966444579 9575.119749208669
1955.7284435727229 5359.22068244114
2576.983127792727 6518.462751806622
592.6507237474343 3480.5201428217492
22.823880135874887 8100.115281800313
3910.9160025186397 1354.7373109936466
5216.039068780245 567.2825778128598
2639.522613588149 8181.1398741219255
2998.053064592474 5013.140812840075
2802.866363538752 4919.828236249733
89.3643214395301 741.8831209751675
3481.4049457697815 9056.889956198549
7997.9153458169185 6959.21614748814
7138.279243473115 6463.5242162989525
8651.124515999769 948.7188348535669
9054.84788160076 2049.593788737989
9149.18757755583 9007.726581493132
1566.9679938349125 6063.856962863351
7436.84520868562 6547.0290066101015
6261.199517851031 4168.1146587246185
1230.4136856866576 868.6090003758695
7616.944476580925 5417.02610406256
4338.680328204796 5547.210895170324
8845.951071747908 2584.7973016734804
2244.6916735824584 1940.3571234172834
298.77255229929676 2398.1307276240227
3140.112846344866 2476.0060861688326
7883.036354386202 8794.70398934267
84.84917314293794 894.8192847237424
7446.047482129301 4197.172106388286
6112.29523394958 1428.1128662153576
1638.6028018361808 4188.459535599811
7896.656242364815 5680.213175821136
7113.258552387668 6849.61781754598
973.4837907036353 7165.675195051606
3050.54899230264 4968.453182355954
9725.682864766066 3545.01424096202
7955.546043045319 5373.944446225535
5401.074204856975 9582.090181158177
9085.049662242323 7880.637322706772
5496.836812011412 1634.7982618515123
6289.514470719798 4866.183152422422
5120.880346385701 1154.0374190066138
3939.045734466492 4212.021790311519
5682.168831443817 9545.783990790444
7127.768335050781 7504.36529910642
8136.40042485153 3865.640122338593
6440.1629506986355 3809.7746941358223
339.960010446807 2030.7656598027445
566.9714554724126 8441.064256991187
6507.777114884378 3315.0003138539896
1252.5198530979985 5991.307273883008
1779.5464319104415 6506.627874278523
5038.869737305845 8744.439486347632
7350.350951328714 5309.4171295516335
5348.235260776757 5224.795503218812
1836.360823072597 5075.936373095577
9255.445556333641 5342.705072645831
7221.566777036276 6886.170535903678
676.7809846657968 3423.607353548599
1783.964909776079 4859.675328683807
8002.395790772522 4373.615663874139
7213.456140707499 2520.8428471477664
365.427436523712 6445.0491991136405
8796.091413102673 1454.5694142259358
5736.668244726146 9795.486273095441
9951.993581036022 6427.5430904281
3613.6845944772435 3250.4715285405973
3992.72306668224 3150.3826872870955
8494.785729081485 6703.793863603339
1861.4683687226386 9006.60634222266
5746.8602994494 845.5860395610626
7898.396581187702 5371.529103231146
5439.2478777923125 10.306051869403143
5249.801605305225 7271.949636531309
7924.10846649817 8197.161721090617
1223.3421360465413 208.13188595109943
900.8252230290925 7371.654430116228
5445.885376639588 6157.242413714541
8497.716221872408 2506.0087033237887
1874.2872970828373 4074.212278766003
7194.82383030049 2412.578398299814
1562.4294307994812 881.02317962509
8917.4177775462 7101.0842607979885
5228.703199747097 6457.304674065426
421.52028799332555 6854.127771654842
9242.913865004577 9559.263911602518
9699.215603507255 8458.773593482276
9972.206609606059 5665.144357520087
9779.572306936192 3575.99398734217
3508.4291141993494 2196.617341320084
2149.404318789223 9519.929741666549
6156.513216362762 3086.40030343208
3436.004241487082 8695.094556097776
2455.4557437223957 2188.2427375612756
7954.770254349865 5628.3422136216695
7206.709004556568 2123.780189022898
3276.650024696518 3817.8773073576353
7293.760654388676 74.85223665483764
3324.0715092884243 2896.047569103907
7199.441737786848 5714.9918949241
1767.8147830598934 2720.073892866727
6368.7996977990915 7923.854840487426
6953.340124971109 5729.09968311035
6471.904872381542 5360.977938056178
5147.0475275151975 8335.670667655813
5458.655352806098 1715.742258029166
4244.938441650989 9047.442465788889
8324.899719433428 8105.146341418596
1681.0853983785446 311.4757343480001
7022.69161991184 1095.8843013120302
7566.167493512328 7176.083507591246
3774.1227315916803 8099.0550841096765
7311.184074270785 3122.0755704452754
2961.1463459971365 5952.063474780497
5177.50386661197 8701.911934879343
7717.092721291622 9739.5510071479
6729.969067913739 7546.015715219139
6906.486063634735 1739.7253657573974
4547.01904815946 2948.532828863961
5568.934540022095 1164.062040919075
1598.0349825198048 3908.879949313737
1141.7850503024695 1549.7639502019545
9340.809013272385 6988.677354556152
4041.111371654428 8170.383796230365
368.1653069509161 5084.564352683644
1134.8144172740126 2335.364546899822
6984.128404823289 9928.516247711645
4696.281913092238 1567.6895017303505
3370.8377326290038 2079.7308510567045
3914.3242379728117 13.949154212399284
5189.631115890337 5738.175851227394
772.0901880669805 341.2435645688716
8733.897234689632 3451.3929153510226
5223.226573347821 93.39385774486009
4551.012930095195 7765.706669257718
5438.269571768179 6899.620640476177
1325.0704908096534 466.3534572427108
5845.995758173347 7344.250431118335
1025.666254586043 2885.423172682934
6083.2097742294245 8314.613408445171
3132.5169777127903 235.94671574874494
3907.7129727554893 6688.43197773031
8249.326063811528 9178.160379745232
2626.2385283787935 1136.122287982827
9691.242348364261 8651.372735739935
9843.629659317432 9877.671870135675
5085.806228724762 1481.53012525575
8085.926557384801 8143.476994544605
8972.739196920189 1579.211866213953
6361.833467337049 7931.434542861692
4024.832229198323 1155.608881472422
5029.706026827712 7755.439515225331
4219.025854679894 3938.4636800569774
4437.871094881239 7128.457264445612
9011.270812199054 4304.04311892495
4845.897447846353 1348.949276945629
3787.2226468870617 1453.8622569798042
3006.081980805655 9722.832880491846
7603.195350415388 4619.9303352857405
9573.612380807088 9705.37483767279
9157.476884453577 7594.607685087296
6791.818546609192 9208.426562110906
1892.9800264393593 8389.18940768271
5678.446753101347 1050.795789391973
7575.525589166839 6593.108451092749
2311.1561027164416 771.8126338966414
9814.481753406104 1962.1961612267137
872.9932502259142 2940.9598030762595
5518.923477185287 788.3577476662862
5725.0070257544285 4366.301432171646
3504.8606256263583 4140.218824064519
9873.002600038097 8804.834820498441
4556.179912331525 3003.6725003120123
5540.419972983252 5253.514354281629
7373.026777936446 1193.2943443917654
3418.6895796020876 8684.899113752272
9313.940085884486 2184.830640799096
4893.513925888864 126.39173017754413
5936.900314884064 697.5383080578856
1078.5832197817535 6737.091259668592
4483.4685606242865 8336.450556111124
4225.164671861249 4949.676874146087
6655.519825809122 7381.290212938022
4156.102541472165 1254.590687209477
4821.638734753636 9072.073337950049
1655.7177475126593 8642.973560767086
3050.5729145655305 9930.439044301365
6566.955516151016 5549.9093708961955
4038.872368180991 2919.4023430060424
5394.404568979568 7684.992389469073
9825.709540269205 5171.47113377246
6231.558748849151 1058.8298706240973
6038.303946468412 201.22241878323567
1741.9981573435616 470.37472929865373
4514.787621487232 4417.006779693959
6055.694361869156 394.2721600794663
719.2630781722909 3246.152532287612
6029.477535772536 9639.750737336015
2308.279198309607 5985.329480962387
1951.939027035804 3428.1582709757663
8768.24874759301 5464.720609055852
3431.88354560195 3330.223918100448
8657.6800884974 5602.218886441031
220.0525464393588 8175.325264147346
4884.397377491975 9386.992335290162
369.47257406479304 729.4553317617869
2109.6386440748006 8648.5488274253
8277.041397619818 6136.0011432273195
2311.8098502654448 7793.527364482476
2859.869314580651 4627.318988735408
3510.1573154874777 1267.4443313134586
6049.514130204656 1823.0881138461818
950.682176153359 3007.7095218957375
793.9339462095573 3623.1196075982207
3060.8036397273 1263.1556814420476
1078.4282070988982 6100.304174196441
307.55832202153056 5197.336888943307
1466.9274108238794 4324.118297059665
4061.1692227243643 5537.755390271461
9767.817633858904 6429.39737262117
480.43781909915873 4172.701694937055
9357.184295732122 70.41483525800585
5303.7683654100565 8188.16903867583
3450.7668530376554 9856.586120612494
4346.248326903312 1444.3307937805894
8078.053227069652 2320.2794961883087
6643.324960568675 7445.169879807722
529.9053866681613 7362.748874527019
7631.375575593485 3321.1360806533908
9573.510106123958 402.688271029229
9540.444795385974 2361.387981224511
9085.649348410736 5299.867757827011
943.9566729563209 9263.50514717847
6513.391774861707 2356.4768130535285
8734.797732355612 9730.607516595674
3297.2242235493163 4178.594909456282
2505.541896810908 4644.814132338993
1073.0366432257954 9454.048584171655
5366.09814878539 3661.208803799234
2935.4246027839636 6858.351582229516
1949.839301235876 8996.942095310877
2057.07529820689 1740.7734761447568
5518.171229865981 8115.510435157258
8605.54524304443 2008.0548188390867
3705.574646404741 657.1700172618345
6087.551810495927 2020.7860871477878
6711.434537814938 9037.627437814579
3933.555645221527 8122.4639546932685
5125.896428803541 1756.8290586807534
1773.8860253509404 2174.1677657257364
1105.669682946141 1369.4099128342796
4461.845749737286 3867.4743286542457
5742.823274667953 9453.361980621032
7601.243207914316 8954.366296340122
3936.4798587978344 5475.224092385171
865.4912849576613 4031.6756260826046
7739.987215646099 3689.2307373706158
2522.75193257288 6950.958291209111
8565.07390961137 5574.420752265333
6705.924920701749 9434.428172009071
7323.8308040558995 5438.291783338056
8301.617483733975 3311.4595863176155
9943.159934390282 4716.9078311151015
3848.9750845738367 2668.4666616465956
5507.702299930437 6667.092169227764
815.9774789384555 9646.395876890769
3578.5072029938924 8250.714768375186
1038.7495681690662 4179.960060165544
2280.36941843513 792.5470072519769
2384.333206827324 459.9591101769451
894.6037671919127 491.1655643468271
1642.8769249286202 4172.567055892309
1580.160069701978 7043.198827848828
4001.52176331927 6043.605936267408
2774.669818061394 5534.960655675179
4598.428016943026 5847.497258190021
1032.061152543212 8140.40794348456
2813.122536540573 9014.038419721972
3694.531756283459 1066.085003186762
4609.411437425086 9177.357830467758
443.48547290200327 2381.1104596033692
4641.520157022867 6172.932364017511
7420.108781859225 4490.585316252496
1343.0503402838 8240.63664821165
755.9063218005624 3432.5943154407237
6804.755573061549 9875.886637927379
8702.145941503546 119.97754861067133
9448.583602657256 7051.337690785204
8292.298591781771 2749.2549909989348
8973.663397993772 6351.334893739229
8396.690124488843 4085.169449888039
832.4091460122685 538.5025471286897
9386.618852498174 7123.175891801583
4861.908153267344 7930.470534056899
3577.9711189311015 705.1725477583648
7353.48363836458 4955.116110995309
9073.274260688657 7993.732230422665
538.0559284456043 1932.2756637333262
2519.448328612548 2846.827488795063
9407.204913383797 1314.2964782618471
9423.97616767656 7903.517702803168
8503.370868560409 859.4935357105804
4222.865341009757 541.7453464429267
5121.717935677724 2993.53908363568
9961.340169047715 1400.8875437386625
6381.291903970253 7745.301457021026
2705.3892824380855 8738.361951764628
8527.779209905482 5394.790680997254
3147.0313793700634 6756.549414569819
2828.1142699162474 6620.284647362607
3743.336072497776 3616.465582885462
2797.1821475112 1288.0064146523684
7259.2359129085935 9559.11739245135
8977.96376946466 938.8873766663097
7993.191629514334 4589.693750162185
8911.428210781594 4048.909402713348
2302.4923129731133 8775.314511977436
1864.2217113944282 5876.621708090271
7017.134668656981 2986.5475246409746
2938.423310023912 2190.8213315930657
5995.874686051778 4876.860195268215
7275.233190689805 8740.539447942796
6212.450248034293 5713.968143160604
6609.463901815239 790.2743410796509
6982.526918758335 2160.285882404517
7102.555471766701 7838.661544598555
4731.60120870009 9710.967000322835
7312.101271899033 2792.716434946302
5621.799467135575 8620.101464957745
5325.781597169486 1474.6205362687515
5146.145241216917 6368.237003790045
6219.956333020424 8773.033391937342
2916.985010860277 9086.330594809408
7203.024894933905 885.9471137600849
9691.65105114879 8510.560003425357
1598.1662495558523 9940.544935280617
8766.541461413446 822.3560749329339
5032.880325880937 1268.0618628483942
3686.5155408183914 9288.457878407693
5943.961318703293 1551.3003992916263
4671.359102734253 128.27815106553396
731.4953854216233 6737.786899982177
5648.431222205223 9107.367922648884
912.0067023198142 2691.8353483659976
7814.299207110299 3160.991983124174
7817.922731721492 518.1586374927316
3862.7573242130197 1165.1719399976646
4880.456591159145 1300.4171238980389
1900.6443991899225 8686.502049440724
6975.9978429975945 9052.402921002014
5924.389855200345 9724.993806751463
2969.818597832079 5410.405845121227
8225.960987507367 2616.16733430179
8079.137328210816 6960.856669072198
8447.071019933355 3705.333750205606
7123.208959618917 3199.984791606181
8349.516008000615 4908.275127545804
8122.023766771451 2591.4482090519255
1506.2696149841304 7531.679118380328
9120.357660833877 3320.736312734698
6857.484890720798 1402.4970109870437
9121.397668276732 6063.076440149338
2085.9760207179856 7864.0941954828
2664.162449406109 9796.311614584572
9109.613054029902 1218.4062639342364
1840.7128694022324 3094.5710929310353
1416.6938460226986 8533.95635021874
1931.5856622600759 4688.3443349991785
6178.782301073385 9140.687401863739
2821.7163894601103 7997.137513240165
7012.160355675699 7893.3673676217695
520.9570228430804 1611.876296606255
3377.35551575851 3568.238556072624
2343.208246271593 1039.9493993427743
3003.774066737761 5029.256406547091
322.843893641348 6144.652954276916
9373.001007173509 4392.426790397555
167.9102663641441 7799.945536668165
5435.712976295407 8753.289340248062
7418.218477165782 9939.155382953242
4158.307711931395 179.15648205422573
5719.261557606154 9884.298570216304
5151.372714879379 3608.5527732749833
9253.524951094612 6761.394679456926
8669.96041187028 1139.424209594655
8757.763150078867 8169.107084412925
4930.011255341825 5607.484639493533
1659.5244068869597 8020.109760894948
5925.921260190912 6802.47209481268
3828.0941998412854 8024.213513900689
4460.374797219369 2326.8239480503184
90.88850407611426 9160.722892630856
7057.588372868161 8295.62577109725
8355.917485467015 6652.683697931014
4491.980987354046 9235.141001648046
2264.6182975994266 3390.208542381136
9399.499552731497 8571.619424881921
3970.84323951565 2022.4491954833445
3972.4745114006787 8139.12946291113
8272.36953961003 1295.320998108568
3997.4474535487634 5289.766974533665
542.9425813071687 1288.5294456969432
4111.852932697932 6927.279270778737
3417.3474562016004 9284.445211469201
2991.145792053891 2133.3341167823974
8374.248423085523 6511.114541742877
1932.5595171657571 8860.9076897857
2815.5678381799175 6339.965223326212
1100.9994233258135 9176.154645158636
8863.833438378048 9248.618103784305
6312.4526250677545 5269.178223535763
9351.772211480946 4644.280817590526
3187.674072789907 3277.4391885054356
5423.015913136195 3498.2458570074928
5330.922751168595 275.08863432344265
117.41510487737527 2448.80998229419
268.71898460249065 3421.078616716997
6801.684297377704 7404.865664351449
5903.646817792276 8788.294788058807
5961.069770978024 9519.724041832273
2424.410281416397 7236.228905230725
9821.951378831916 4579.316341994731
632.3388520041651 708.6951153159072
7479.329514951968 1168.659457920368
5971.079089108145 5833.724783744177
3506.4723288925893 1392.7143054153569
562.5148613917353 9572.872154749914
8872.708430255787 9349.492404129354
3372.218197404455 3904.39853295807
8720.78468359819 2532.97651538719
565.4034763957927 812.7081985730666
7822.872200116656 1720.1957585885818
3899.1887270979787 3770.630659329046
9681.398694376056 7252.4583866485655
251.81051080912732 8438.166870474324
6301.519424882198 6792.687534169179
6929.447989721486 1998.8123939811496
3268.1173337042824 27.43307508066617
6293.553493953491 6091.6021334287
3127.0761850694694 5319.0824764396875
8618.274532711292 9990.680528206067
4835.028803785795 2073.7906719268685
5180.168785270867 9465.216453234834
9286.602809326268 5067.560211986581
5221.935922227451 8361.235015540122
6782.339892343828 4359.693496381891
6059.53012486595 7102.376151712345
3895.896831579283 7153.180225721852
2618.893907084501 8846.873756801571
8462.040210540823 5331.499237490285
2546.362202739649 4269.245926498311
8614.66141120269 6132.592844131903
8625.002834720572 7715.790326507253
608.0676127627504 5868.056167959253
6007.569905629831 7626.934022745863
6408.647603294281 6895.852790114131
9002.490706915252 7288.020933493198
3777.919210222022 6705.563145622014
6435.362772386263 5607.510912123797
9844.045076202321 6966.2033694484635
4676.925330584575 2747.7887017650214
5856.033026750446 9675.96284601978
2799.6410347413694 1060.169168562961
3791.5341323517737 160.0823677758889
745.5606296217599 9705.961071693411
966.160543936625 2759.2495125386486
8065.56975408026 9656.099910974699
5860.275087361007 3934.9558800770856
3972.9743521839964 4267.905838055855
3073.5030456708346 4107.5629707049275
2361.9480181436124 6693.009416982672
7220.8771518237 587.4178753245352
3730.221040861287 6807.296674525901
3158.5342740017218 5521.322150160701
8365.454296608785 8347.305825737165
3786.011572118574 1303.8697694958812
7896.813645075147 3171.054281899085
972.0223703055142 2112.758188689907
789.9410489640046 7318.295658353453
8356.896119497274 2480.2508478217765
3224.892385858621 411.013677619374
1781.4545978615715 3767.9623344308434
8617.422159686717 7634.307572264743
9816.675390231552 6246.249114232156
4994.957161305778 5610.188593308723
9249.783372795642 4396.966079223426
5324.967408803982 9847.525103349308
1609.7567965356495 710.3576110030784
9965.4893214823 5399.117439552024
9641.735909782788 6809.377203399339
2428.9172440308225 894.8311186219071
5633.468442160879 5923.511837849047
2988.282925454847 4528.5256810389
7979.535629054454 8939.469538203726
2324.0801976295265 3988.330552616176
9158.514444253717 5882.187380965306
7500.116930314219 118.88961622622318
3622.7996406162433 5792.261575035467
9009.494781765172 2784.233267132671
8125.672124407542 5943.018662216786
4274.211094896417 9905.625307039712
3883.1554893763364 8095.013708962671
5815.099507638196 9868.340047501162
7762.43223593882 5766.678488788602
4444.880884367899 3434.8523194194668
4577.770305056665 6430.443042039976
8408.909801498252 3720.2476067749144
2473.031068915522 2857.4447455648656
4703.593340130049 50.055639316425314
5638.565977705064 8463.157234392671
2994.8860232084094 8042.561573916534
5148.28731362606 9710.06120417449
2926.799424508577 1858.2418238976873
3316.112672470498 9455.6303516023
7641.853745593269 1222.4534210291815
3068.719749133887 6864.489095696777
9658.53259031115 7708.247796668814
9235.603422351345 3260.2895904682528
347.03050671885285 1383.791507382499
3775.0880712996927 8257.398759824791
7669.35463870729 4566.701381562885
7142.402565166171 5981.630711882042
7459.5731526026375 6228.380202326313
3730.413271398629 6569.677635712741
850.4768841888056 611.7058875230719
3429.1629356535136 1893.5267646313946
6719.811956577932 6509.276139448537
5234.078851862063 7968.184842365898
9498.776037454589 122.00620409403507
4272.59537268774 6597.698120001082
3778.788227564621 3314.534493319766
8152.798977338962 9330.338320661262
6862.902758030681 6797.314084168573
4331.978516093081 147.3497947369895
2942.399336487912 9280.865160281928
7662.986243142012 2221.0308665446187
8407.494783903932 7002.313615626606
114.16927087304241 6822.581069438515
9770.017740082414 4421.768102980121
1686.1304023102152 548.9878521903757
2133.621033878442 6710.182199280399
4770.468234223744 9019.403364140588
8751.801515509329 3484.9214340694857
1236.0920006258268 3045.7185277428434
5484.332965847353 7062.711738780364
2259.0470650397474 4229.691568504588
9240.222352469325 6676.977591846927
1609.9505985979633 4175.729969075988
5744.408380398832 3397.140824511562
3965.1785815372878 8100.247070433111
729.9767412812474 6959.516855079023
9753.573915890493 6989.742569936808
6867.13179381561 1430.4410777839116
4340.301553369328 2403.9682402340177
9230.55135005148 4927.341324100762
9804.546209346365 4637.642107367817
6103.449858977813 5336.021010544862
8000.683173574489 4403.355170459084
1474.5697739804143 320.45448413322464
4453.8738846551205 6295.799079135144
7658.65578570071 8493.707569447937
5303.069203218882 6462.332094667213
4953.923202987397 3999.545214825998
130.70184064874258 7429.9227827145005
8118.666840519024 3745.386644907578
6922.619171116829 1162.0145717464425
580.4189809513016 1112.8648209146309
9395.030831732032 1561.876155641464
3393.254947580543 4270.597476510173
32.98363826714446 9465.465955934245
2240.57899025252 5359.1509155779295
8800.392829293785 2220.097900330629
6277.837153697592 9976.792563306479
9437.94960932285 55.86896898945426
403.04170168324885 533.2236812146973
4699.63150024707 2725.6656153428526
1082.028975878989 505.0406825125764
3830.289717743618 5337.243514211072
5315.284923983388 4690.241334459623
6927.99949369595 7447.776142799429
8778.174442090258 2863.3059430106755
5957.038175079689 4450.983758946132
8029.774522980895 7249.693491050999
7624.191508755957 2707.702393656469
8432.47615519199 5993.410209389383
3221.3495192863993 8862.733609279841
5784.286420244081 1664.2083554438902
437.5745875373993 5419.497674966255
9753.208012966517 7124.397923284431
2916.881478924035 637.466992869814
5039.500543256634 4065.9624402487384
3815.7022638008507 8918.58338910277
4574.965577445239 4494.837905343833
8267.296330002377 9956.593316196155
3616.6067088259256 4878.2834433753915
6602.775863807779 675.7954545961287
9844.259422462577 665.3642552528172
3765.6648924720525 375.13279477232373
6584.848455887448 2299.095055193423
4559.714806767924 6416.771035544253
374.89267180965567 4559.109841823383
261.5332090179334 8640.847599135608
2802.5754766739587 7580.610702098718
4339.449155801553 2510.0967097791936
7814.902671631087 4581.542606407905
830.2583819697185 2537.1512011838813
4213.7720726521775 1069.2546028061079
5966.492494032568 1109.956481114659
4553.7622841746925 8762.002730715587
1491.3448783677663 6586.654036018059
56.080584019999606 1772.6365632088725
9199.933389828722 8904.811400243067
3210.037268062487 2917.8954756807875
1119.099199376119 9425.261916605912
3253.9725953518473 5656.0129715255225
1728.3653150552946 1476.6741791074755
9033.822171283562 9731.214130076685
2559.3616470482016 7618.310613122853
1722.3049349908558 9694.54790666401
9948.437993099105 5240.629914808417
2655.331355203039 3717.3495351322294
4339.856385981844 595.9138785649232
3568.874482767048 4077.595389541435
447.7818707392034 3094.7905860084347
7697.26340475911 7797.569758698556
3864.307691329434 6332.9132163807835
7118.721491819256 3147.0580785876555
3557.8523982536512 7557.9541030662185
6702.978088356103 6280.03132296285
4294.852773210224 7621.069148689731
9098.316635799412 9597.813132245366
5782.885194495131 5798.420335752215
7297.296038351537 6729.8790879944445
1566.4126222104458 6579.264473152169
5477.429327976868 5584.834560799524
3305.13043144287 7137.710355728197
6726.03409667821 2921.282156150251
334.0000760222439 8028.609677282362
7265.1657125583815 4850.001278949231
8526.42119407045 1836.7414385993086
64.73166758051651 6453.183801981296
9914.445347656869 5713.4791548179755
1265.6212451594306 1182.0835845270728
1840.6900661544655 6738.314926426429
9237.070802209537 5290.034934892052
6924.556396628243 6569.589354667475
1582.634168403786 4502.8550417167235
7791.100591382077 1497.7035672202044
9381.99285068623 2550.714179039636
2176.849129569327 4597.260968248988
1913.5854701722087 6213.425406807841
5304.082433441201 3028.477107791847
6817.811562950654 5082.205537043272
8596.702524192953 3706.3233296507146
2168.0065169479612 4521.838269333789
5211.497755223754 9426.07614517598
9110.845807102616 7538.033165337588
6229.966983741976 6281.046187055695
3902.4813347270015 1976.4038743556844
2899.3519004887203 4353.718832997939
1302.3234570693864 657.4319125419537
2101.691919282055 5534.7504573221
5960.216069698692 5458.234102522043
7148.540145457433 369.77436975735856
8054.271744554617 2264.081073725198
5939.79917546355 5348.903636729116
4175.964195540521 2772.9412195712
3403.117981031786 9398.776599748808
8553.317372671998 5177.348195325617
2861.422011490984 3382.597882653775
1383.272905365438 5376.478199681587
7931.596582009775 9340.063493959213
766.359578306195 7960.429984494649
7760.371279436812 4403.739788551743
9070.180853897027 4704.611551271063
6753.434346684354 8517.619354762259
98.15997026204948 9194.050744819386
665.570926340755 8492.724652422969
1125.2400116602678 3154.995351032335
2724.4370762315316 3621.10373570159
2417.268741252141 9469.160454533452
7814.302615523177 2285.0990444299755
905.142285399817 4366.3733750252595
6490.382822008522 5669.488722933631
1435.6980032457845 761.5938065281247
7353.072746670191 8600.135781937122
9002.246471545744 2951.0204030672394
1166.574323058326 4870.4115487254285
9585.676226959902 8265.494065674895
2358.1411066773917 8749.78826932186
6805.310436786149 9157.496803324078
2406.1994530162124 8396.22360400172
6760.417102738758 3371.9778488651555
661.0001217133076 7529.053392061991
9147.340237727662 3219.1166035174147
5448.276476824343 7886.298806480661
2651.6192149632457 9621.707337808644
9981.655926808751 4483.399585136237
6730.683159487569 6590.491047300714
559.582293359201 6312.5142703356705
3362.312130019214 95.26339851212873
3957.3720899493683 6736.7835944744265
2083.4905794706237 8691.952194219955
9311.166756691806 100.10183764687875
7081.877682748057 7178.681332766136
2494.342476239161 2139.7031822578138
9492.476607781571 5931.057296868311
558.7587572286657 8305.591290500084
8319.43955150538 2445.8034102742663
1235.9838321334337 3828.233362628285
3094.2888094678565 7692.017507052528
6320.996648489237 9550.68329835394
5468.275919385 1293.8855410128413
4834.274022734263 8692.789718096998
7386.592214487549 9491.495144531134
707.3110218680589 4839.222566970015
9468.242781941079 6447.437163638026
1335.5210212774216 7740.965864626001
4297.407170353163 355.82264962508714
2957.0539006911645 2278.366145826789
4133.1925158886 5149.593212796448
4783.071734380108 2961.671389102789
8935.837685812488 2607.0581234309443
8977.955725066236 4552.22969914471
5227.175939570599 712.821273719394
710.6611898324954 2095.931760086639
3456.425515541549 4646.406374625008
7934.7413566351825 4445.17508816549
2697.5409782980096 8531.22883100859
386.4163678471122 5240.068144438944
329.1679175713336 6590.765460129147
9457.74801275994 2780.8755368485918
7138.816456266351 1081.6432858154278
1856.1971394863963 469.5825642774731
9128.039450810547 5426.329544494569
1301.3907078687103 4891.611163894339
2187.9617313231824 8691.355731017948
7980.496790929985 4020.1039177709295
1008.4853296721597 9824.996880420433
1687.8702004276847 5012.297687778691
339.6209564757313 6294.584040555012
8697.362800355488 6403.575870211205
4237.624438663232 7691.83250344566
6436.909375884824 5985.451836327801
7958.513842651181 1980.7549305095483
8593.169303650797 567.115400795043
8279.981912714456 3299.877674032756
1580.6204863767591 9150.435615207383
6347.054823607108 6380.469902270597
1322.6934749533204 5413.115961207443
7108.255574333498 8876.25732856955
5356.725569453941 8341.610180320842
4929.657296564288 5190.605594221243
8164.144021675352 1116.3059968407563
8513.843727569485 1896.4153687546602
1407.7461534689428 876.224762404566
1268.3479214174154 1847.8146013306107
3164.812357048906 7245.478664926332
6167.923531129555 2857.8764971643213
9455.561523188899 1350.6997799082399
6966.618308617493 9496.722499647934
9307.571672728807 7363.118690561397
5352.876605147835 7785.653668779912
3986.99266067424 2607.289123384644
3287.5728923846714 5655.916963095589
8358.829261742721 4514.623603319533
3347.2322549895584 2762.8459235234172
3490.9704896174153 1492.895230122554
878.4776753512291 1758.0151598081839
524.4301163641895 8900.785403905693
5566.55994439229 3352.3485289239698
8845.421046478194 902.2452925649793
1301.3397793807512 871.0356498200789
6414.44541249667 6720.119287755958
6105.594482476149 7761.311699257877
9053.51028444226 7377.222356365483
4914.411298465635 9614.650733750415
2750.9692290905064 5898.6300245084685
5663.735918914611 3127.603920925204
9633.827692816263 4861.957126121674
6101.153711898277 3618.7100179146437
4950.482093722004 4786.374737927041
7119.029280468161 7893.457402979142
8933.364224242952 3991.5839867115287
9958.737784639585 6252.89412754804
8379.46869471141 6443.506507174505
8846.14168454175 4279.6311129581345
3178.8702309752093 3286.8213570807047
244.3112050457652 1477.1965967438405
752.4344137035199 7080.172277603194
8158.283697439216 4498.982768678143
7046.8230926846145 121.06066760049438
5742.496287794131 5432.222561053361
3644.127172830973 8443.328473540358
5904.327454108703 4848.444168013846
8429.530829682515 9888.15299266667
6478.595934415354 8792.763888663116
2684.7099791071983 632.183624122441
525.7601634526532 7601.64600921852
1884.7482074219636 7289.338915637624
6857.581124904814 5799.240669890398
3714.3082769142434 6670.063445332508
3842.333706313804 6530.263221472583
7042.512855072613 6820.489554889836
3247.6718397008917 1580.873827473701
8810.812659106748 2807.0029212910217
6309.524001690266 1716.1883562923342
1759.6256269339717 7082.580934721425
5284.90736864913 5636.918666749959
1842.2801264985155 8472.053507844903
8595.906716707776 7819.105210537836
1383.6583983201133 646.6031560913543
7767.302104938077 4802.048878590339
4707.49684437191 3274.430472910207
7120.011905062429 8084.119618538134
6660.01489932053 8370.367634358521
2218.5187454941256 9155.655884009539
9645.88481153026 7191.455577969982
2652.6735701336825 3632.9631255666195
2407.0581048571617 3977.090003537397
2936.660065059424 5493.2313588900315
4352.486790888022 9311.565157146528
2460.8591998996176 3230.2526670625043
440.37647152026074 6082.931993404801
6283.863710353597 3540.8741530691336
4523.800316389132 2250.8576650165646
8944.163656894045 406.37656301704016
7250.108747242416 4042.8745490785946
4210.529627101885 4949.441755237596
130.4877673214111 3805.313094029186
3092.1438907477063 6136.148853796243
122.79216540982185 3368.349504421352
1428.782285651269 4342.122138356389
3007.241012966505 4443.859718555847
451.07173339522745 954.6592218646532
1286.7050035091754 6794.628465893774
7807.05012953425 8477.311476033938
3954.270235436236 9281.145338199924
1386.8475989773433 930.8982527352894
7026.681567911941 4303.261742640848
1772.933240129869 221.1861366406842
4962.671174084522 1989.7703363041364
6022.382590621095 8993.804779512395
1278.374665593066 7739.675125030825
101.49416726610295 4562.370755508368
173.49863804500654 2953.8726898115265
5214.435211527404 9233.81774452322
7221.210793070521 7309.618089961392
5457.859742520595 686.9987890309482
3992.5960305117037 2314.403632233507
4723.20705893732 2297.7181633384703
7564.693149027259 5808.468243854976
3410.4556607270088 4282.234607800404
9319.110105455302 13.735205861986621
7254.145838443526 1419.5796349498746
4690.935747210454 5452.63066281633
7472.060137308985 3561.935316267717
9713.730320028288 5507.927644638346
4192.246981879325 5794.725565798612
1214.3210815134032 5789.392957604024
1247.478877115461 4456.374511067855
6917.216794975866 5907.539181440612
5600.16027719629 9405.177844679314
5988.160737581714 655.9018963856822
201.17934271766336 7559.547024025611
2462.6310185671164 901.1206323772369
5012.604456126522 1799.2277902553078
6870.942121662512 8527.972518411914
1112.029031576116 9173.42092283397
5776.167452000643 974.4326976711337
3516.24975295867 6816.5961904036785
451.3714022164783 3397.1794163222557
2612.2616909057083 8194.460025382912
7231.088556652517 5341.673477302432
4409.761668931278 3254.9092964692227
8581.165352409185 5702.296547601362
7424.264796477724 5404.185524108082
3284.517795409958 5851.085202549956
8985.727771580558 2372.7098774382216
1013.2514748478638 8417.44877940792
5422.489584621666 5919.583099410865
7473.684161660174 4969.347567038818
4611.846777588742 4483.443104827681
4872.463178760467 7585.4243029704585
6905.46657637195 8941.948770706607
7137.460643612215 7370.241982324258
8223.523945589073 2120.5800969953893
2567.924069644697 9327.815136487658
6483.977547393707 7959.18215890493
7754.950900375066 3904.652230188904
3052.029186928037 6057.052610928049
5878.63104095702 5951.106709042227
9771.82082673082 8596.51193034548
1628.1052599049294 5212.131716013553
3523.0926476583213 6175.3410421093195
4041.8239170173197 4176.167200130976
2803.5270219257914 3048.9538551870123
9689.431413084982 7190.922998012162
8548.70180299781 598.7063668056325
8595.988377303782 1300.3264102047285
9439.477782079237 400.37087084158094
5578.780598562538 9841.845150713356
2584.505670817222 1661.4248763520745
6212.949727823707 772.9441300033934
867.891213337062 5807.519570017787
1833.5026058123892 7643.928417263974
5199.255322481685 9783.422151755442
317.99236366114593 7930.466727463003
670.2387514315922 7209.013596910263
5746.754854624738 1519.3950917533582
8031.658498160475 428.1938901206939
227.20285052925004 1919.2373268984863
2795.245212732681 5867.304148385409
4886.543643501184 4346.628985131552
9588.541377893542 241.9699846993717
9904.437733077199 9323.169341038185
1454.608514822594 2878.97262597983
851.9637472054143 7561.306122303384
5651.450436925354 6264.654270708293
5058.38318734962 2296.5785706831853
7505.668569729949 9174.645285678747
699.204639976082 2807.9045653294256
2055.1544960589154 5603.800209368746
3495.8209429771723 780.9935827439307
2103.0607287922207 4232.5892258796675
6375.980501011974 5519.694046043869
7009.980279639115 9054.473214621126
6510.021447929917 9657.579353761728
4648.118370205549 4538.225622410093
5588.892242651241 8537.630958073152
8149.918123162784 5823.30168392408
9300.07973255806 1106.4487986370486
6831.758658138487 8516.33408121143
9543.791172296118 4136.551009451912
378.8589180247792 9156.634466298485
7000.326034785678 2288.985464111887
86.75967319008882 6387.735099669948
4676.650962525705 1033.5945828843062
1163.1142708361408 259.45260319502285
2530.340452891945 9576.928913825157
1644.5617155486113 9278.36890230252
6395.8056275471845 7357.969035369884
4987.180552775254 7885.848622302603
7695.685538996133 4596.531156412531
1011.125970468173 7427.046412681852
4794.336680192615 6946.906530897835
2625.6754493986455 99.47553160626343
6909.158390259361 9281.841836730113
5669.578728632104 731.7311119424486
6348.015676380929 1596.2325326990178
8942.042197140257 9652.81300392213
4682.596016459928 8286.841622562824
7511.328492854253 5671.706759770423
5838.2495845193425 6963.487986828804
866.6873149547915 2721.4144523973773
3893.49728754772 2900.2701439100465
1188.321550385798 4621.2854246649395
1897.2155438620152 4561.861023992739
5706.846387413662 5691.470313981745
6985.611300520489 9468.342592955009
7944.443192960402 537.8500418594779
623.0986627268087 6837.5113550009655
6725.4100088671075 430.3025527339721
7396.779717819767 6330.208944239765
1265.7425825911616 298.784181770092
8762.835689483083 983.1687555109636
8617.997566636544 4138.680249334227
8854.188808433968 285.8526659161065
2341.0057744534506 8893.977952832449
7128.695252922168 3651.8646018027334
5768.428696329037 6832.723149217292
4389.741184457617 2777.6957502692203
6400.64067214013 4675.868921619143
1447.8698338649976 2925.312199975777
3958.5192722949046 632.2318934747573
2556.309754860272 8932.523741946696
1990.333267073524 7035.41890526455
7968.371890299215 6694.432078831534
6591.126827207733 6562.925679707066
5215.727994175886 3149.3352585895473
1535.9403256463322 954.5499065055585
6538.567926687779 1503.0774554568327
187.5441014243473 1671.241465445209
1360.3631123701355 3807.229007954778
2801.6671061510624 7315.968494796443
9241.089410639821 7540.261368403225
2553.0035575343813 5776.081319317371
5419.192727349276 1166.9703237084761
5885.22560226228 6129.323072405445
5116.140598543816 5004.527103554707
2099.957212447524 8727.284998778305
7638.50860272888 9491.752457038485
4328.246291352533 6480.815372184871
4381.043599192303 3089.1226736010335
3708.100464889397 3919.8962462389186
8371.280839098356 7430.763159479604
9546.219391549828 4263.632365697332
6579.959883575197 3348.016641181454
9615.597151555858 4680.699568994191
7319.249131156066 9752.742091449003
1648.8307042484207 4319.4472698284935
6501.52675630617 841.605194115278
5221.048900020192 3507.2899096795586
5366.657888072116 5651.197902925518
2833.0144419708845 8782.173331876935
9691.804553162336 341.2868714318196
4130.097017121371 8260.100949871476
3849.090903820336 6136.113570964212
1302.5640619862766 8840.206076498014
3859.360127003757 3623.8724166476554
5998.9084172952835 2369.1620360709107
9328.04453950893 9076.819655881207
7234.853736930472 1929.5965066186816
1070.5671172691589 8391.654469484105
83.33359493116421 3156.9701981118283
9212.997840298922 9220.211821411545
7942.2272896595605 7775.079019429338
2048.820668517912 2351.6311596948403
8136.877128594659 8312.692537577388
4856.513120830235 2036.044311824028
8576.067323467536 9401.949687322112
5545.991528856365 4885.493472096941
1356.8262234423335 9094.950821172268
3472.688246879805 7484.497590460336
9612.255884704637 8479.229983125268
40.34218311788851 2339.4519977743835
7627.868471308634 6057.782283746403
8523.403302265486 5273.960370238816
8602.690613784589 7464.860499445336
6483.619685404447 3282.9505454209984
4454.016987538974 9684.612074937068
3897.667566897264 1720.762233949369
613.174431407918 1682.2306676315702
8052.003456199557 2217.667800512291
2884.5059623949874 1603.490214952199
3681.7917476589555 9666.693685724105
9110.820188759182 665.8083787383262
4140.378915684303 8293.91040131966
3851.790820004284 5838.583893921201
6364.1202636179705 4342.778577193537
1381.9151274532214 7173.783695303825
4455.997102988369 4046.6243079300925
4170.017262812777 1384.7963448316548
3224.2111860419777 2663.591713956767
2375.2672178442313 3889.926042466494
6136.179450716546 1515.329605242458
1512.6610383169402 5875.030097316545
4251.651890098585 8147.126398024325
9311.766424010748 7961.151935296826
7818.144085677738 3876.663428753546
1836.2130347912764 5117.217213540563
6229.56926310008 368.1553775678514
5898.040019460484 9577.480311717904
1893.803255546781 1302.023201635122
7970.5802436205095 831.3790021481071
7297.436865535608 4312.07005154591
9163.741257310105 7191.913364468902
6575.103538826921 7257.503483362506
5563.950412507119 8684.07299442424
2293.8171379631367 6209.531361184997
915.5596331144567 8262.880656812758
1999.173581158229 5212.791586169098
8394.445598941307 1683.8520500935972
5620.006197002241 5524.566637198493
6922.332799527188 6317.488772311423
9069.941441586174 5675.039967092223
1116.7073668939242 4706.654540718717
2859.002627270556 8486.791642511469
6803.819231129887 263.7203066392702
2277.1241714154 4893.039991271716
570.0455971533236 1576.406736643391
337.0201322957933 2411.539495436357
2825.031011196317 6328.414221650993
6508.67768610409 9408.612518351947
8737.332482047725 611.5407739545032
9412.16100287528 9234.494534699708
6335.602513656688 7588.386892907895
8867.097727637502 9154.742073258954
3428.254094527915 676.7263513327238
316.5747233695426 2362.9488953027744
4123.05433139104 4350.028690264364
782.336613017004 1769.1547269732878
9178.388911671647 6844.15303877355
1789.9955511147402 5872.373595161255
6938.476558838759 8600.85974392085
9852.89318467597 8298.387464384334
6094.748388183028 2673.307614491216
9778.209447832052 4561.747908556487
6681.507219880001 8197.64754457997
1575.0269176371312 8444.269124708777
9554.83433186086 9677.633543221484
2041.6404361217355 6538.8333699202
5739.974592139274 8605.249820584217
6008.476189052813 1275.202959814179
1750.3158692591614 8400.87895208113
1825.7286813233864 2757.756456296607
6785.498711462517 6788.9157828027855
4872.3390941307225 6943.768637713187
7114.563437716681 2715.383045056744
9924.9871689716 6704.435237744337
8263.221646098293 5182.251064823564
8542.067536950788 5670.235203658432
5689.5476327339975 3481.341227078003
8177.820087098237 6116.54659650473
7175.606820140937 2536.5962949844456
1637.9283593428129 42.60587141448613
8579.838907350113 1994.1682254756465
503.2204971114118 7793.351257238332
8835.192591667093 9511.933215669313
6081.605218938497 1791.921877491761
2537.6108043434465 9937.188163293291
1654.3338768277238 9757.825149737324
2014.4658737832533 8480.511634968558
9566.798159120373 576.9122545884842
6724.3899667708865 8785.057281041321
6588.978094677047 3991.5069880053966
295.33141329451064 1530.3655147177353
4871.4676564612 9696.169323773374
8766.26691641164 2039.4004214006468
4151.4162268373775 2017.0750873095155
3972.179396119527 8305.353556328104
7396.840725027048 5959.22256681443
9645.993676437047 3881.120635474804
2246.8318713459603 6766.791074565571
4498.091608366047 4449.484821383894
4049.2193400955125 6758.302717154255
6247.897835841417 0.16096469616533327
2466.772956864418 3439.061924072475
6159.906245935926 7247.515140188419
1925.206536789349 2749.7768968307946
6103.1235363377955 3441.3176861172033
2847.1588240547276 8738.51745332902
4775.3778095399 2791.200575584013
7647.520280730034 3941.4185657872467
7610.243213465687 7564.950914385617
7463.98630348169 3475.9417839589023
894.0971242566509 5532.020443024658
5687.745238626501 4470.004848363904
1630.1901289278876 4023.239574754541
4639.709737048888 3545.9284570008776
561.6390430009787 6396.557960126864
3152.212128424283 2966.8450882445863
4173.1111616997905 8362.679808350233
1529.8900167508446 4986.938529662277
6317.4780436422325 9424.323785616425
3625.9828739086906 7244.149459293279
9764.336456650528 172.59027143916694
6674.2738931985305 1771.8439053684276
2777.41313279349 752.2250704733557
8713.95186147407 4523.990858599623
4014.779734326208 9826.319104601844
9071.589058658246 5689.082953863059
4476.656124787348 534.1506090732628
6333.828879224813 1401.4164312218768
932.3120388361217 579.0184601717474
8732.892648307045 7748.464889854629
7450.253556342873 8408.512048457374
1118.730418554109 7905.305951183375
176.9233121158298 8425.444428883964
7295.027259470401 7476.3707369533595
3031.4588803552624 7827.37310584174
7885.621746537788 2.161975000760652
1524.90196492997 8013.356795829109
504.0850030873079 9607.888954388458
9460.523288718288 2558.2141509591684
2340.6855263442308 468.7467819681634
3427.2571537868234 1349.5375053043201
2639.84379960272 4318.885214028385
5364.636602162814 4335.9702658100105
948.3979740185333 6394.49749367379
7195.763202577492 3864.244919658848
739.852625179721 6970.325154224499
5413.038980902267 3954.8054306403833
8321.05816241409 7547.07850205321
2806.896469330934 3126.8707100402494
184.53097735469993 9333.858322059981
4934.595991102664 5932.355404358084
6241.06311939515 9879.776234230305
4856.4817825050295 2251.84304260588
5340.577422161483 7719.794079822004
3933.4751269008616 4902.06170924611
4101.714727668759 9408.464250431643
7014.38299522941 7228.733192323675
4446.853842787668 8529.782630711605
4658.26189603025 6.1529978726815315
6235.295821690933 9707.451862182033
9221.709633590199 2595.9191152024496
7548.179003348711 6968.963188328467
1569.5449852026222 7182.597006173291
5810.094076793805 4542.581541064053
7814.10029437416 1512.6070450910534
8539.613686792543 6810.822486520337
5376.119511464856 8188.2395046795455
5175.6513991612455 6358.981534462547
5954.514204776427 2465.9470030262432
7694.867192076481 6802.947991416727
8855.886214609276 4079.3463672212824
502.79631010273886 586.1635455450564
6895.538408307469 8902.280195855015
9463.21688819963 8070.535498613829
9813.520148809268 196.7106813620978
1183.0867871739536 6316.467121190662
1561.8380533570753 5166.430954475561
633.4245103970826 1184.7474039105
1704.7741574551412 8162.428301486577
2391.101811466072 867.9055673618485
8718.178992161129 2222.9165887164104
2620.709755374836 4799.927189420886
7107.349380729003 7452.7099076926415
7411.0191190878495 1280.9304822246493
8972.428554290342 9774.184863806056
5291.534533501492 7843.131518410005
4409.85780250938 1963.006437852125
369.22318797517505 1600.4186543299038
5363.028679686857 9693.542963633638
9780.25252057142 256.09171666225006
8420.25718389148 1872.9550424087527
4074.8985410594896 6011.082402698683
6409.8081344416505 9505.974867322706
2941.0369161657854 8.036553168992988
3687.1117840074185 8948.551047776691
7782.092291003179 4827.720239981572
7592.909681348706 5418.299557604186
8270.149999599973 7232.688359382563
3613.6797289143783 41.51467570437606
3666.056882804275 4739.877915167581
733.2055007859962 8314.448561111627
9566.59561251673 4862.5878197893
5303.608236779588 4061.5053720048923
4744.952403222159 4108.9940058244165
3678.4616893787825 9159.954572664941
3988.9303548266375 2962.705767085392
7451.166285788089 7271.517593842889
5506.3663783530255 6649.828570927926
9506.553617898788 3577.773368216133
2990.4420886032613 2567.8937539603153
3208.1472736599394 549.7946541162313
6279.791732825688 1395.1904787540016
7807.360192609328 9824.922344808685
4582.021211351906 4030.946441198755
2974.1226047133696 8225.647511646464
8275.761956219145 7707.409013419442
8115.459905574246 5082.740756214686
9400.461131480415 8235.29375834293
4532.455372406068 5109.300633617835
2931.024705505031 8651.951330160253
6402.7271649290215 5217.837100998132
6807.671614647338 3304.441260725308
4342.492932521248 5141.084515523124
5461.600867757448 8302.397831818174
1885.990350681802 6317.754178918955
5888.022065916573 9322.82683119582
5793.027538115488 9825.330749907596
5918.799898452188 2672.6064045538756
4364.736090243615 8242.025766711233
2309.861494634857 5084.715723871227
1805.9033100762722 2587.284503037812
7780.494832853574 666.6834617318851
9730.49625693467 4786.496440521889
7126.5197517236 8160.099318448071
9591.695774233318 4452.687442297925
8968.558886271147 6576.701593429162
3417.345409294399 9190.894759689842
3265.306476685631 7444.567202668883
4191.816800269218 5539.888645949669
6782.359561931923 3742.336343164178
227.28113402023075 1128.3675650135815
9760.228007987038 4751.12114832966
8831.63682675329 69.64332723992106
1880.4958642421 1210.1448245853087
8513.939110476358 2494.5160708104195
8061.42278881103 2460.3771887113235
8797.764117394103 6811.7270738884135
4614.489384382283 8934.539337664708
4771.584235462812 2585.856898954489
818.1083394095457 8.901578418649692
5867.472419708324 4289.596173805415
8625.347857113085 2719.1035863922166
1858.6892567544533 1751.7638994576955
5909.82253515805 9448.807606951868
7723.890447374243 6745.670340023146
5894.232842125587 3297.6422002835
1313.5280662460248 3675.130713589152
4868.804363736325 888.1475498279812
5212.613336800415 269.70551752563466
1409.5007628208289 921.5845726809935
2900.606684699324 2933.2132748563113
976.1795533950512 9724.178008419709
701.6382329544391 4642.288483788693
2490.557657321997 9337.128153968086
9497.588504515561 7974.3651931495815
8831.408440590247 1739.0134108297395
9573.996881907542 4022.206493656332
3254.9531188339542 5227.290123427105
4302.145746228206 6047.564807513394
8664.597734617724 3869.7932466639195
4905.732440959818 7793.552631522089
7923.197316334068 1145.8845932798167
2184.641402986921 9149.877111793387
8134.674044101132 215.7719411439052
8120.332973205576 3063.3587122596127
2934.512615511198 7100.848843917876
4702.673803935006 5170.320929470276
2285.8560147550834 6358.927101744401
8327.039072514954 2597.642797614976
4354.7035798303 2495.61742797358
9778.38770228942 4631.347755356444
5576.3940032224 2224.575346450117
4207.68786063143 9641.03953514697
7930.56408689566 7599.451501612509
1412.9107574827792 1258.580216830526
4537.785661922769 4486.021162855217
5057.263783225505 3107.497595274702
4339.221402733487 9010.814541872429
7942.967408760045 949.2217384348345
1631.6267949741202 1547.6966943508553
3148.479970516641 3100.1988455241026
7667.626132939005 5593.990614644192
8909.396270671741 2960.9850853600306
8225.277246462072 4945.997531961747
4493.271496347855 9911.173417004198
8182.064272429189 7513.305490852711
3976.023125835426 2437.474968351825
3566.6062910742567 384.14589717999047
6611.930272337853 287.15697118060103
1621.8553438043714 9434.778487457615
84.03681292617593 3313.778028819517
2679.4430794630184 9883.650559719295
7508.574974558275 8671.956895647929
1816.9313385865194 3213.880269471031
2086.3530189053126 8086.8637935934585
4999.237713351961 7571.690255204308
914.1341307281225 7732.744452630246
4817.696934060981 9828.319661956935
5205.500734747879 4712.820008213707
3115.992200419451 8703.476796590881
8198.364869009554 5218.697671891372
8641.971436224572 6433.263776608932
2999.9308833170026 7889.066445676296
6693.903634441161 8520.009228328387
1746.4508415933956 1231.016910160353
5715.268409517838 9371.614527209553
9133.341462815799 4544.593804104421
6902.19879583862 1699.9298107225825
4239.2215183860035 4727.4730922622675
5125.338321052361 49.04975609275275
9945.360235583688 2397.0595945159266
1389.7852542374478 9754.766167986076
2961.9330030560022 6513.763555549106
4676.794921266621 3481.736285415228
8791.160166565181 7978.872370487675
3685.5151526698746 8403.80557964765
9023.903081794415 2457.2380983343055
2909.059988064193 4512.38081466462
2037.3873179892043 6788.608199983799
7028.352489777718 3012.0663193602713
3243.005137685883 4094.8423042485206
2307.4369097795834 4062.9897893669363
9315.513625885798 816.2969896039351
6358.068060377877 3697.65370244587
8157.198692970772 1352.5187351374402
7469.523446666019 7169.036153317959
2006.061816079987 8011.925672461368
3282.3958180371546 7416.020436109212
6018.71244600996 3625.642610562344
2216.0103796819994 1644.1259019229803
9830.920287553812 7496.789546476077
9370.442532078981 3898.9584306269885
9585.932795129156 7691.758285220525
7713.013584203465 6944.73041896045
9717.066019904167 9199.748155463323
8220.583578255715 1939.9542936360558
4260.049125504761 9571.672997461885
4360.215591457728 3620.6344434696216
6402.326801251581 7189.000923701861
7958.742220774837 903.8450265474962
2681.5958663273777 9221.651658231443
3039.765817909854 1851.2222328496885
9404.118076754903 1602.3748294248708
8452.636247639373 2745.051905976803
8368.944933339968 4108.394157371189
5879.1106184115115 6404.417043666347
7596.567954226305 9381.187034152788
4578.749692036355 3494.3820399277347
3783.986934102006 9844.133609777604
7246.654642596548 7315.693056097496
3522.423369293738 8511.062149003312
5414.1429378166495 8422.962849660114
8825.807961926886 5632.166178707532
8709.122091472664 3768.1050974395625
6998.919161884203 749.8577704506104
2667.2916913043223 7453.09457814402
6931.71634757485 2859.64699937297
2833.862764983752 6149.992825986048
968.5122584706019 3508.0670579074713
283.41585340772804 5539.530509611628
4114.061463528143 5951.231171091361
5038.934502968398 6601.761745800653
4024.7188154827663 8036.101152563601
1210.0225512336183 6805.262360886681
6184.679285961154 1908.7475219757555
2377.734980548788 6510.444300330767
7178.43388148711 9599.860915276793
1235.1994142919964 9409.928691901716
8382.351156481362 199.5724858356662
3034.953334336541 4360.1164290125735
314.32765415037034 5487.870865006592
6119.3572903088 2671.852505443425
2562.2572093436156 4671.704176572418
1698.7807073027495 7518.244605563497
6693.375158308561 3959.02529504628
4627.7487898443 31.608342462915438
5152.192628564129 5592.720650872565
5162.0075832838465 537.4330363957536
8120.225454788009 1285.363190874702
8335.011006180875 5715.156761676828
997.4115311921917 5680.799740635708
860.053812921957 4973.468642592445
2784.0178802563564 9119.362190572701
1922.8598298737065 2300.3852385969935
8160.845089094202 4675.766408752928
3237.2800890512976 7294.216208367362
4460.594567337809 6925.317194076024
9402.041694837058 6302.349434839666
2737.175777194941 5741.0911857148085
2684.6644836126975 3292.788719338846
7521.019162476159 6578.867639693431
7203.397023529815 6204.154601974723
5256.101084897584 881.2210931955533
5988.882462472147 8735.258804374716
8133.974884797459 2187.890455521473
2480.8064560125777 5805.792408152763
6095.252537354497 7199.788903551333
4503.673157325457 5104.989186569258
3560.6968289452725 1223.9434009802908
8302.19983071254 5648.850869644857
7115.675026988429 7144.740310476914
5937.225192800788 2384.5734949562147
119.69692387541198 1431.9848517158684
8461.62147701808 3336.652379916614
6369.484487773227 7139.74932205142
3373.890038724353 5563.41521103027
1322.2724827883048 7189.63738047528
684.9307385282 1942.5549529254627
3488.3371209840884 2855.2243014220467
8563.821915181288 3781.4020916280188
4097.370213909655 5430.918878503025
3085.847331315935 9335.847737268545
484.85786438717815 9254.776238614284
9359.386809960715 908.0631411006312
4615.988541913573 2693.4514526051935
2496.427352773798 1612.075179167055
1301.7643603814688 1630.379908695
3051.3347091891264 976.8260356816261
1622.1608413764022 2476.877470400163
8902.222009562263 2370.4116615281
94.816606649879 9446.031487460228
847.1156501523858 298.66273419853263
6434.153246325605 3563.569838181554
7858.031907571586 635.1555677386323
8276.368554659914 5698.20835412028
1109.9473431707518 6462.694312889703
740.641943099516 5899.889687768852
2980.1702790880836 8339.489487860985
9987.395599540547 9913.602253043464
5973.341958716542 7677.996460682298
4667.646812349634 6771.2577409486885
6554.63501378081 7084.954462682358
5509.880553672247 6433.059282992829
7163.4339289657 4504.370379763
3601.6876269104037 5239.068823985083
6239.254078016342 5698.255448434934
8901.498032259688 4463.930800378474
677.1845423649792 7579.604901412336
5120.502336423399 1430.682292549843
3256.0821637549607 1270.7876041370903
4084.6145335466044 6744.351836403508
9429.791783150602 5230.759713169221
740.1771080854825 7695.720187896521
567.4233792248451 392.83225870811344
9192.808790513673 8439.587201806198
2150.6660835318194 1728.539844173459
4136.041747852479 697.7163125872432
9796.381773699635 5392.400702468303
1408.5155236650382 9240.20650790045
4803.706301197363 3264.528491807821
3208.7858422757954 456.78674276620643
6345.840443976277 435.8968964641119
475.6062951684914 5325.64824238921
8481.799180252503 4800.010476538895
7693.779198518125 2381.5146195706493
9398.475382871842 4572.012851401229
6047.781064384287 2740.0907325463463
7368.218732319416 1372.462551778767
6029.051875465481 9132.869462519022
2078.506176423679 7643.408933476265
1194.948094202941 357.04599292721184
9968.127165893147 3838.866415066792
4052.202796772346 716.818880476614
4755.7428591613325 7846.393680556743
6136.419375387825 4262.549136356879
5968.315300363028 9775.485473948002
8144.33258151682 1775.7705005755597
7459.571611419971 5384.288294547963
4447.372400866304 1447.611479327705
9425.698234076799 8517.205009034991
149.1724548253137 6445.2200890623635
2852.262011533584 7816.840176752893
8046.394544549014 423.5027194982188
8614.670652813329 5310.242020752018
7246.188112313577 4629.672938600105
5755.21034980507 8159.13258045078
4783.563105003294 335.1979768130753
7073.382881988524 8107.148449763423
1818.5452498340326 2778.349627530804
4114.785476614902 8972.907435625963
7541.295270408595 4253.2008116442885
2363.1552985694625 1622.6792555992354
6392.6118723269765 3849.381530992918
5490.299873311331 7362.5780214554925
3899.5573601808474 9286.680759766075
6981.257567511131 8592.393510823806
2997.424220751663 4541.43530318537
562.8213450720776 4456.688804890272
5251.023472910353 9519.982129753074
9516.022313958809 6335.2907233933565
1201.0144212327268 5018.517372540202
5749.723838577653 4515.330196262135
5932.4441270234165 1893.535585950933
8691.040081961935 4769.285197444661
3696.55707645127 6904.6201101573115
7191.295120580995 2475.274502824162
9519.764522438074 606.7327993671067
4745.7756238938855 3602.94104193424
9327.236409237863 386.5231089293308
1419.5276983379567 1335.9185972340658
7997.755606589527 5677.692503673002
6765.345517959195 3909.9970868549085
3722.690612845967 6035.066246819895
2198.9233017947986 580.4989478021039
970.3441384296918 9130.252985892977
576.1883252857558 6220.077760113638
6154.424023334704 8478.781519928585
4448.985528320455 3034.7595002495586
8307.698757685343 8696.465179438692
7573.1467852928345 9034.235248965393
7170.115863089598 8064.5275767648645
6144.17244197144 1816.4455172538474
7405.554630552237 2326.6433262227692
2352.039254701539 2002.5230146489437
3521.1343097556714 50.38284070558618
3852.552571110034 1341.6280410774928
5370.474741925502 373.74541945735416
6911.573579707573 1945.2098498413673
4842.059832161206 3671.1964265407228
9903.947424658134 5260.88697952297
5386.936510707847 6694.107190934147
4928.581488087916 512.3990152826774
8723.897226090208 765.5871811418181
5123.906376761655 6185.761884286616
7141.5317893816 1501.452125816326
1886.250506723608 9955.35028062523
7521.02774542877 3428.908609233072
1388.6287396372477 8808.69243797786
1457.003526492776 1749.3548035202111
4554.654872292873 8729.118646856534
5739.154038438631 421.08483491214656
1418.52507842819 5639.992752691986
4578.357508796756 9595.230470503793
430.05443620599993 726.8150568738563
4014.0590700109046 3061.7114237801848
7391.051345904566 3204.9087441067913
2456.6547394280838 2445.960435827531
4317.867198217141 6033.551542451309
4004.8135163660436 5352.27864443956
7539.685958544884 4382.114231344387
748.2122964649928 6155.909265320191
6410.074714529641 6177.073288788009
4573.9052279270245 3651.6484255545765
4681.363548377002 3514.9614260217277
3306.042398405843 7243.650963529539
180.4226971780398 4249.500950356801
6007.345302573106 6402.130130939852
1511.700760633977 6846.497243040098
7549.183613598306 3468.2514656264684
5901.314299700684 9082.340804994514
8923.165446017221 1813.1746058468034
8922.914930342844 6583.351723191393
1866.5720096876325 3427.325423620546
3160.9436147237957 2776.444957838855
5905.1933897706285 279.20247874441804
7635.560332747103 2645.7293254026613
2291.7612349070105 6788.46062738701
7519.42510483684 2005.9238326944062
8177.375022590767 9083.809487860104
2985.6273002087987 2951.3050083324288
1597.2710989932104 7741.675499648947
1893.5986876042389 4484.716994570886
165.44319442638678 6224.473354956998
2638.925019476681 448.9947181369758
7612.083957455956 4276.07487055985
8971.774731992959 4124.065771285283
5355.2396190937925 9075.79751915836
1457.4287199878754 2450.98663636807
3542.404312696982 1124.7397284352312
9465.242246502912 6409.042354109451
4094.7618888952784 7823.792765227779
4230.781791805186 6788.132982140361
6371.393287659822 6302.952630733005
3573.7321526295573 8391.73121198286
1629.9067817208656 5742.053478554583
2131.1092221405647 9347.099092552087
3945.15857482829 7656.504727349818
148.93759852997678 3688.099109620453
9871.506445963552 46.06570232949303
8607.3919352394 8945.076774581468
1280.3662901032276 5942.642515247149
8412.437073809351 3670.673485552919
1749.572935751922 8738.497400369188
3538.1121036888176 3733.0516898405585
8273.087819664965 8138.941791320463
3403.624161446179 6568.056605137147
8066.906898104724 788.1175419954411
4329.055503205276 5227.665190038241
3310.6017077568285 9135.311961245248
3744.507040933187 2977.80667434529
6943.638780761174 2498.7028936647926
8640.270375557055 6710.251985689446
626.8602699714365 752.1150568910173
9986.978681687573 8402.341891798045
1536.4530493391205 5133.838537010654
2919.875483461524 8806.65047639421
5917.370132923171 53.51888666126348
413.4798926191985 5570.839800607498
505.2619003951109 8585.477375892666
5805.913586827844 3818.1457019815666
8670.275358345942 2780.032376696596
6630.2521531073 35.973649193615785
1287.348807062988 2885.891663146287
9225.687837876678 8025.093514702464
9181.170069034762 9716.56693083576
4752.883338228255 9926.69802346672
3742.205047494643 3250.730282525808
1265.98997357511 8009.304907605166
3166.0382715720716 1206.4301151674429
5671.880288174116 2055.473297976398
9659.465729638921 1896.6801512042764
1077.3463399779125 1923.5985036334769
4230.66367557636 6066.652709865382
1799.59769273914 9950.606267282981
8836.616904126522 2848.89033000869
3357.603272258208 293.87168405768716
7411.082435745588 4003.359345115239
3692.1667087122987 9728.54761420658
6415.673987734308 630.8782235450084
1908.6693179798476 2657.940664046785
644.8112203629586 4251.993716559307
3990.417011824958 6593.4597919922
4909.715402068499 6034.936349921113
9718.729182571908 8676.277419221378
4317.849939222612 8490.947564845315
3236.6829257249196 7722.576224625711
7408.691175034273 7390.355295603167
6200.9479505564605 3145.4485605871387
3157.4272174186744 1949.370856894872
1672.7775875764617 8605.028040061152
3028.9077810138942 8691.432986173213
345.2408828899212 5005.506940916557
2208.2788220987504 9320.156423266175
8569.939404015353 2521.576692602603
4861.766665217829 3838.377414408036
6614.542571954786 9560.839549404433
2184.9746576036655 3753.7378314322045
1148.8883277111172 9035.433349057892
7446.135448163455 3927.7701167007895
2979.9618293537033 4363.740261826599
4005.9488343787284 571.7042882389622
2143.5357449174553 2782.546590205066
5619.824414600843 9624.37086855278
3630.1936240805344 3717.716880530043
4234.991525463962 1182.2048422603982
9308.546985854993 1223.9244751180368
6573.413043801115 9545.372032593838
2932.5707108935217 6011.5591005595825
9774.050958386239 9189.971358158848
9560.665822058305 1476.439554407316
6282.058219774739 3944.4041251212493
5960.069820023383 289.6368116601955
7525.742155472952 3166.4591911671614
9666.55213236224 9074.400137864852
2471.387214002818 6438.654223832789
2801.5693438317467 6720.776628202099
9301.9780532124 9462.159328159461
8977.19388869413 8432.752443454972
5826.889667225167 8705.341734456662
8575.598954877227 2755.5047044103676
3556.9951185877035 2204.615251000053
7701.905687739485 4130.256744615684
8541.05200968086 2237.20429227937
7837.671278304699 9766.83076536954
2998.725510612379 2898.55992802149
3962.35259874401 6580.505224934104
5411.448624575051 6935.17952764975
2474.5992024735488 1326.344253174786
1467.1227761116345 4676.559742108424
1749.2242881387654 5944.74309653573
52.60291488372593 286.01275174680916
2897.478300770391 9522.418767934367
47.29332736277292 4021.575043059814
4794.6067153591885 1840.5839255789824
325.1887387875496 7397.881032211242
602.2996324501762 9800.589827393549
7311.7019289592035 2202.503416687156
9151.886340457982 7619.472792343357
3431.3297584245806 1251.6575601574166
9210.2254149159 6025.11730014422
8534.327588212456 2981.6575754579967
4106.5281497966125 5318.576378144695
1822.4107699656388 2229.1410172899805
9975.75411221021 3099.7811992457723
5404.330399264565 3351.7642471197996
3231.3878586292444 8809.34387515176
2883.9274494900824 9171.511198933284
3368.971875637169 1698.8034530061059
7146.76707237311 7091.505530584383
392.27835561930436 3731.0145413945693
4904.3165059535595 4574.218125306152
922.0866502924341 517.0800990214808
122.19269548424228 8210.32422273734
2075.5009512395973 5482.632462636558
7956.6330260223385 1353.6300955449433
503.5132599968861 8186.580761421857
4672.222888639523 1251.8603166112164
8314.292052997982 5707.343960052606
35.944495987202394 4689.929942350472
9261.852791040206 7969.674162703051
7319.157254784371 2556.137197210968
5566.627109263422 8694.468261137868
1855.9061775210716 3176.72893998289
5998.843423544236 8995.059551801622
850.9352484230114 6684.503080160994
3265.1511943062583 4764.903447309465
7378.277238792503 1924.0664491115033
9283.477729118289 2143.499065538085
3857.2434323369976 5405.361864016144
1613.4543942888902 4165.2913916814205
7068.486043811543 2235.6175776868226
734.7726434722568 2288.5197627537277
2184.2306864832894 8794.964792798115
5656.133306501581 7027.284053718429
9747.568981134216 1005.4216108920677
8065.2980571954895 5241.575407794926
4744.222353423113 1867.4967345641592
7346.383244889373 2803.876186237381
4327.173409259976 6972.338796898623
6656.107532601381 9530.42650011314
5256.715256909992 2734.3972745487567
1189.0898152141017 8293.56849360674
731.7677875745765 9126.152491913785
6505.446800806642 5467.216410850621
3925.2278293401623 2093.0901080294216
2551.375329495835 5457.981089908579
8377.649552952922 9543.72653205032
5248.410496891718 7672.077978552618
3459.6379326932247 6556.031647267273
1940.3508089722598 2170.540432387447
4570.990759035909 8641.622122828752
2075.626690183261 8620.417131988337
5382.438258120641 2557.2691253402236
6469.8364525447305 8392.335704220632
5627.390518385832 719.7747338729276
6882.377593369311 7367.5449994737055
7475.26702410285 9388.645343453003
7335.09051285864 5184.652061369434
8190.073712903954 1787.2000227472383
3619.7859898962893 8975.538671967908
9530.960442261645 288.6677527318382
6165.407251246651 4513.538040595719
1655.9192568783076 4303.118416663987
589.5533967349809 318.51745170799916
651.6551768449541 4243.285264650948
9844.647679257245 4287.374500853262
345.7690188940066 5776.224446942469
8617.490409507818 2787.043044902996
2282.4602577947994 8620.718642298141
447.2554491570779 7410.921318048875
1280.5044127684296 5194.423313552807
2232.463036094583 2394.359844416587
4456.3576203604935 2990.7900996820367
2948.0580666062774 674.9778869090384
9870.560656504082 6598.657986170281
3894.4121968560908 1173.2502864676542
8399.07155631658 1906.4591057637092
2667.066920577734 8414.902129043212
1568.262883435718 3558.9923096833263
9386.90424067754 7878.594480363887
6059.187814544081 1938.0699208115193
3328.3821018089943 4636.130478372198
696.7789958191162 3905.781005189245
8601.299775432874 3053.872022119978
3476.794848008344 5369.283639441292
4688.094163839358 5326.972088969825
7607.017279793729 7259.805640020787
3000.655970045398 9253.501618956752
7605.291969524732 8180.23625974048
3902.4083999702452 715.7477970049208
9301.525486556771 4740.285614419362
4207.910794959379 7347.582372719883
9163.924398294148 7613.759674019354
9398.121543671808 6373.6393332611915
1362.5117173011702 5038.671169656095
2540.895584308005 5466.279963938137
2633.805710310433 6793.950673432836
7500.701429884328 596.6572581575314
6094.105396517106 7857.869676748145
2229.5850577017964 2439.5492123983777
6546.9600369702275 387.353397863659
9103.00309597975 1191.02726629702
7651.708480151964 7837.56005293551
1699.5027678693775 5677.5619465461195
4366.640602421047 1593.9525795545817
4250.792133099971 1925.5097530369615
2160.621767042956 4555.689964576151
5304.935702337143 7103.939745539363
558.3636759008837 9998.071767253832
2452.7067907327782 4325.119626735117
2561.0519556251897 432.5649474059734
8813.177284724608 814.9213341549666
6646.353730118912 4076.3278472352827
7552.067103391715 647.7376034523852
8742.399442878444 6547.849264560867
7643.627582262522 5239.4349987815895
4254.14120331858 1318.88450553722
8198.944014256293 3588.2345296444305
7477.496837725232 9477.385929197917
3987.975557962301 7483.124002486832
452.50153212247346 8141.1168451986
8707.780792474154 749.9323910493649
723.8057409125831 2359.248004511236
6485.986453006591 9248.540029987891
4532.635174547518 8701.70454665501
51.273668172895356 6699.183926946417
5136.364343334057 7753.343452655409
1946.4795552630776 5402.098121949448
7731.521348703964 9683.055539406505
842.8498435658882 7333.253468120492
6470.199786246741 7366.411842918474
3675.083258697274 3925.782908824984
7207.768124753917 3106.2464447668112
5063.732564909582 3893.610218410947
1968.10208101327 2158.2261390654667
7759.553282402451 9879.599340224418
9339.246705189664 8655.794087718376
7407.068784348505 1388.477941554841
7541.0810672028165 5476.755599515851
1233.048455564878 8290.828542810763
5205.412848937456 2512.7535911122554
2144.474377129596 2249.0699388912008
5017.872714189334 7314.914155548532
3317.77616046804 8349.851769601679
6506.582131273309 8973.884918741356
9689.079582246868 5128.846797128041
1722.1515518448628 7345.252242122934
3861.0680994103664 814.4990464197022
5192.430211064652 4553.524253591413
8545.254143908161 8708.290221329535
6458.206736717171 4796.922235894685
6115.798717485529 3662.6024459988116
6697.69567434095 1261.8147202040054
8082.017601014604 9957.77362948719
2793.143305059407 4469.7580201496885
2668.698654485728 7128.938393689026
9508.714173108183 3498.0564750814324
7142.015724824117 3488.037986830834
8289.008134474954 29.922174038298223
407.62476264648126 7863.877995634323
9734.600024806432 3109.07043644553
8266.66784184622 5011.284482023299
3143.846550026511 4858.747305089458
3478.5585557641753 8703.071541757643
5682.6311466894385 2221.4316415019152
2837.1410158009803 2206.736001774712
8373.603455254857 9248.28026631623
9499.95077411454 4762.228038028893
7044.347867189079 1169.8940972689209
44.22339856131941 1415.2345751833861
7132.1491830058385 8430.283227675962
5836.275024114084 1294.987354527094
3172.838257506211 9562.308048740168
4207.098371496935 689.56193369613
6450.6808946495785 6438.891513458855
9740.023348802793 9661.454515629654
4963.9639596369025 8902.97218939551
909.5135795376275 9075.96335895156
5651.778745859016 816.1261695354826
546.7113915091581 783.2855779617997
2975.708335291584 9645.635898420063
5265.122672099887 8733.338049117088
8402.677408746844 1473.4486130252867
8482.795870209917 3565.104460986053
9762.94947369939 2035.1868698755538
3691.6762614961294 5102.052875097937
2505.8911382234282 9877.589098407681
4179.126857694772 7470.349188190986
3104.7690415840757 3696.392256429857
1983.4563946972494 7509.801001874808
4952.282149492702 4143.109495843019
8409.502621501393 9369.977256831131
2248.651283070524 1787.5480319216354
4490.864313827459 845.6853333278202
